<?xml version="1.0"?>
<opencv_storage>
<intrinsic type_id="opencv-matrix">
  <rows>3</rows>
  <cols>3</cols>
  <dt>d</dt>
  <data>
    7.1662361810154403e+02 0. 1.8614465488175617e+02 0.
    1.8171278382347380e+03 2.6312094092803517e+02 0. 0. 1.</data></intrinsic>
<rotation type_id="opencv-matrix">
  <rows>3</rows>
  <cols>3</cols>
  <dt>d</dt>
  <data>
    -9.8309355846737478e-01 1.8282752110852496e-01
    1.0057476088282488e-02 5.2722448022265264e-02 3.3524338086866767e-01
    -9.4065520732002816e-01 -1.7534936205898793e-01
    -9.2422182029481303e-01 -3.3921472272949549e-01</data></rotation>
<translation type_id="opencv-matrix">
  <rows>3</rows>
  <cols>1</cols>
  <dt>d</dt>
  <data>
    5.3890414469246302e+01 -2.7938077441376446e+01
    8.5081595769031401e+02</data></translation>
<distortion type_id="opencv-matrix">
  <rows>1</rows>
  <cols>5</cols>
  <dt>d</dt>
  <data>
    1.1707692952487960e+00 -4.7294303310837904e+01
    4.9963696594038508e-02 -2.1954650992928548e-02
    -5.8551317918538592e-01</data></distortion>
</opencv_storage>
